%YAML:1.0
description: "normal"
samples:
   - !!opencv-matrix
      rows: 198
      cols: 1
      dt: d
      data: [ -2.0042631773714881e+01, -1.9320824382254166e+01,
          -1.8323447040750324e+01, -1.7142260879389688e+01,
          -1.5407565460239368e+01, -1.2395152922615088e+01,
          -8.3292685281730048e+00, -3.6744474025325959e+00,
          1.3719395525247826e+00, 6.4064622002534612e+00,
          1.0578721547147515e+01, 1.4015530013925904e+01,
          1.6490288495458866e+01, 1.7934935638473050e+01,
          1.8647616224921514e+01, 1.8938525088728298e+01,
          1.8822252126292483e+01, -1.7057209032119221e+01,
          -1.4665260581484331e+01, -1.1563584890891903e+01,
          -8.2955480205895142e+00, -5.0903487933970766e+00,
          2.8405132767592591e+00, 5.5940949996445468e+00,
          8.5479648707908442e+00, 1.1526945111395653e+01,
          1.4110021589871035e+01, -4.2459198943861659e-01,
          -3.3943890351111028e-01, -2.6114164864789924e-01,
          -1.8273082414744851e-01, -3.1342701422868733e+00,
          -1.4363064596125559e+00, 3.1684060150470561e-01,
          1.9506385762393317e+00, 3.4934198670906325e+00,
          -1.2598571217968319e+01, -1.0689689706656139e+01,
          -8.3628940377964671e+00, -6.3376932571034574e+00,
          -8.3923991978958448e+00, -1.0564982805675072e+01,
          5.2126506798794185e+00, 7.0273392702226625e+00,
          9.2853209584766869e+00, 1.1244627544041577e+01,
          9.3420940382806990e+00, 7.2253718148959933e+00,
          -6.6095886984228418e+00, -4.6562074786836316e+00,
          -2.2790341830245406e+00, 5.3403267601482141e-01,
          3.2894856254084370e+00, 5.7726045800907695e+00,
          7.8089712803831466e+00, 6.0170600979316253e+00,
          3.6657780242974969e+00, 9.8400144299922010e-01,
          -1.7891565363606752e+00, -4.3974446054047327e+00,
          -2.3811097421119891e+00, 7.1724882064253870e-01,
          3.7975309788088571e+00, 3.8355114173323188e+00,
          8.3898541776225222e-01, -2.2356872048852030e+00,
          -5.7918579578924785e+00, -4.2291976480995808e-01,
          4.9139180154384086e+00, 1.0056956022304533e+01,
          1.4691334872824674e+01, 1.8393500706000495e+01,
          2.1049714479570660e+01, 2.2689201170055266e+01,
          2.2731352591337135e+01, 2.1671054808609718e+01,
          1.8864047665983747e+01, 1.5296423851470200e+01,
          1.1117087696625745e+01, 6.5550111712102286e+00,
          1.7920529162241488e+00, -3.1189031065741961e+00,
          -8.0334971878626220e+00, -1.4643204475706735e+01,
          -1.6848150889734818e+01, -1.7900832699434741e+01,
          -1.7969585864441253e+01, -1.7349484156698399e+01,
          -1.7541640297756178e+01, -1.8525234690858845e+01,
          -1.8922895547764320e+01, -1.8569586456759772e+01,
          -1.7077221148153981e+01, -1.1894322321124887e+01,
          -9.0981655802449044e+00, -6.3380478088559613e+00,
          -3.5923484998859099e+00, 6.8869131814196760e-01,
          9.7273906109724517e-01, 9.8769539406453533e-01,
          7.9498167435287470e-01, 3.3116786026875689e-01,
          -9.9983154204781997e+00, -1.1227331614842651e+01,
          -1.1412558774115137e+01, -1.0433187589335956e+01,
          -9.8014719242520911e+00, -9.5771232915407278e+00,
          -1.1109350919634265e+01, -1.2210493880807354e+01,
          -1.2358192382867120e+01, -1.1330842703742256e+01,
          -1.0669676748586586e+01, -1.0678799843394117e+01,
          9.8574744624027701e+00, 7.7442242353265076e+00,
          6.0221755840995099e+00, 5.9250631520901287e+00,
          5.6816482563118100e+00, 7.0777009885397639e+00,
          9.0147398264627085e+00, 1.0665158772016254e+01,
          1.1687754275900973e+01, 1.2025154755427641e+01,
          1.2011104634830847e+01, 1.1300106869449571e+01,
          8.4353874577464758e+00, 8.0117807905248242e+00,
          8.0756125142825343e+00, 8.8934941444270983e+00,
          9.1431647946161565e+00, 9.2767046558410673e+00,
          2.1542845808696161e+01, 2.1043054357685662e+01,
          2.0595585890433927e+01, 1.8439399056054839e+01,
          1.3620527592259977e+01, 7.9947116366882023e+00,
          3.2533589858083061e+00, -9.2273477915356072e-01,
          -4.5925929667390895e+00, -7.5353776043882670e-01,
          3.4868988510535384e+00, 8.2279678310461009e+00,
          1.3779473603181138e+01, 1.8326084933745143e+01,
          2.0577501232284718e+01, 2.0864835975995621e+01,
          2.1212937113340121e+01, 1.2022084626854082e-01,
          -1.5179360177691510e+00, -2.8932041714272092e+00,
          -4.2142831297145245e+00, -5.4733425969530041e+00,
          -5.5971788567382434e+00, -4.2109867588403000e+00,
          -2.7793067114679233e+00, -1.2896073075622243e+00,
          3.0035276287975732e-01, -4.9783602342955628e+00,
          -7.6620051285373885e+00, -1.0575110002360027e+01,
          -1.3478083063964917e+01, -6.3750949100880909e+00,
          -7.2322394454306504e+00, -8.0923866247071707e+00,
          -7.1509894874404862e+00, -6.2757697434060145e+00,
          -8.4085940377118140e-01, -1.0438349072119455e+00,
          -1.1552867631179740e+00, -9.6487195412461135e-01,
          -1.1024058975325497e+00, -1.0444402099144072e+00,
          -1.0797569242660308e+00, -1.0751708550844585e+00,
          -8.7332152969968901e-01, -6.2249560599104703e-01,
          -9.3088627510058852e-01, -1.0832924725488027e+00,
          -2.8865794951762451e+00, -5.0334420533628679e+00,
          -6.6564190017895859e+00, -8.2683888276461754e+00,
          -6.4133410939502271e+00, -4.7795663715360561e+00,
          -2.7359709941142034e+00, -3.9893547427869063e+00,
          -5.1604725855292077e+00, -6.5846980712067076e+00,
          -5.3413065244340121e+00, -4.1330208975804634e+00,
          -5.2965843818939744e+00, -7.4279249539028385e+00,
          -5.0275991288493502e+00, -4.4754158130231634e+00,
          -6.5624158742018679e+00, -4.7317742390309085e+00 ]
   - !!opencv-matrix
      rows: 198
      cols: 1
      dt: d
      data: [ -1.9177244650978455e+01, -1.8523400166530084e+01,
          -1.7650527760524746e+01, -1.6442605548286533e+01,
          -1.4670728341212181e+01, -1.1847022210851859e+01,
          -8.0649740375865004e+00, -3.7023399037457128e+00,
          1.3116367852301518e+00, 6.4558096834873346e+00,
          1.0456369678147968e+01, 1.3610016145519571e+01,
          1.5831136447144896e+01, 1.7266784179846368e+01,
          1.7943723755595339e+01, 1.7978796692702055e+01,
          1.7592157641848924e+01, -1.6353847604392879e+01,
          -1.4091272062885194e+01, -1.1085641015139775e+01,
          -7.9506583506254938e+00, -4.8965240610899050e+00,
          3.1580091559239487e+00, 5.5471330166533415e+00,
          8.1390696439950503e+00, 1.0808144667066653e+01,
          1.3147806729901889e+01, -4.9537575002448486e-02,
          2.3298620682570936e-02, 7.5342320288679487e-02,
          1.0826161237911451e-01, -2.7582265561413069e+00,
          -1.1278459576228772e+00, 5.3229211443999125e-01,
          1.9571954357488539e+00, 3.3449221444071773e+00,
          -1.2655540235983423e+01, -1.0667314301787876e+01,
          -8.4662604136126323e+00, -6.4743036766258060e+00,
          -8.5128005899900430e+00, -1.0650965842276758e+01,
          5.2599909815405770e+00, 7.1065810074238964e+00,
          9.2362201565049240e+00, 1.1167079174465343e+01,
          9.2699731063099460e+00, 7.2096561385236075e+00,
          -6.6575430022724813e+00, -5.4453756241505591e+00,
          -3.0075591030203137e+00, 3.3501599288494377e-01,
          3.6062504628788763e+00, 6.1539489462900896e+00,
          7.4370061746360507e+00, 6.5703377300750523e+00,
          4.5339074632500340e+00, 1.0903495764186495e+00,
          -2.5663690361359488e+00, -5.0884633820632752e+00,
          -3.7067852069188740e+00, 4.4813883631422502e-01,
          4.5770086452397090e+00, 5.1026744011257934e+00,
          1.0445364311125704e+00, -3.3400613855888461e+00,
