%YAML:1.0
description: "1"
samples:
   - !!opencv-matrix
      rows: 198
      cols: 1
      dt: d
      data: [ -1.9907295143017578e+01, -1.9196065934007667e+01,
          -1.8155742410374906e+01, -1.6738516018114080e+01,
          -1.4602237839498789e+01, -1.1547016188503859e+01,
          -7.7789616962958155e+00, -3.4140923366626854e+00,
          1.5846866996618711e+00, 6.3903352902014507e+00,
          1.0279510497060448e+01, 1.3551513286700317e+01,
          1.6095863972558647e+01, 1.7662656673749961e+01,
          1.8449729258032164e+01, 1.8836666241017507e+01,
          1.8897280584779935e+01, -1.6610236022425227e+01,
          -1.4292970213913295e+01, -1.1377993283994321e+01,
          -8.3217229720531929e+00, -5.3535151888447858e+00,
          2.5925179126993299e+00, 5.4637314147913951e+00,
          8.5464261492478268e+00, 1.1649893047591444e+01,
          1.4349520853247293e+01, -9.2172075318268942e-01,
          -6.9652260814104405e-01, -4.6531594955033873e-01,
          -2.2650892617662025e-01, -3.7169807848487841e+00,
          -1.8875249991367504e+00, 4.0291442181416365e-02,
          1.9693787318439240e+00, 3.7458389211614271e+00,
          -1.2282325236736931e+01, -1.0400073865986231e+01,
          -8.1444804894337715e+00, -6.1896290878183446e+00,
          -8.2101529081370916e+00, -1.0284978383373382e+01,
          4.8296115511767699e+00, 6.6319132701711281e+00,
          8.8900080251748115e+00, 1.0951062870875560e+01,
          9.0204982569578576e+00, 6.9205815190930702e+00,
          -7.8284086604169296e+00, -5.5732985991912303e+00,
          -2.7033410143452907e+00, 4.6549049487444011e-01,
          3.6149952552987554e+00, 6.6441778582273869e+00,
          9.1805208463198156e+00, 7.4773199111530104e+00,
          4.7423238303948336e+00, 1.1045519035421882e+00,
          -2.6159168142939424e+00, -5.6870300489424954e+00,
          -3.3895143370474918e+00, 6.0396998629975529e-01,
          4.6040588413142460e+00, 5.0226790134337920e+00,
          8.8343915477471868e-01, -3.3681127739869723e+00,
          -5.3547786465769613e+00, -3.7341678469014045e-01,
          4.5725653098235286e+00, 9.3268419084052709e+00,
          1.3632622334721171e+01, 1.7332733146681850e+01,
          2.0407475358604980e+01, 2.2697024642160400e+01,
          2.3114827528027611e+01, 2.2011218406387403e+01,
          1.9147449081392558e+01, 1.5676140698831391e+01,
          1.1699424878936341e+01, 7.1836220840660552e+00,
          2.2709426184876107e+00, -2.8040898048633394e+00,
          -7.8822562174362840e+00, -1.4655568107272666e+01,
          -1.6619810195724870e+01, -1.7555991511149017e+01,
          -1.7639258854814344e+01, -1.7045839742579140e+01,
          -1.7606671065999713e+01, -1.8752854551194314e+01,
          -1.9221954586591735e+01, -1.8827225156237205e+01,
          -1.7294151858980179e+01, -1.1649053292952942e+01,
          -8.4302047931077198e+00, -5.2420705655470927e+00,
          -2.0626368067598193e+00, 9.9194566686046481e-01,
          1.4997278045700875e+00, 1.5900739602796254e+00,
          1.2048989472707974e+00, 4.1399057107682707e-01,
          -9.8709912468582832e+00, -1.1027228260530075e+01,
          -1.1168839184450892e+01, -1.0289222466636820e+01,
          -9.8136099521263169e+00, -9.5928292645902875e+00,
          -1.1204920139798485e+01, -1.2393903469268910e+01,
          -1.2587705881530976e+01, -1.1751670313877558e+01,
          -1.1153643119864379e+01, -1.1040493074179048e+01,
          8.4489213649087596e+00, 6.5341992499368162e+00,
          5.2830629728171505e+00, 5.1065859405593281e+00,
          4.7907751304053336e+00, 5.5785326257745638e+00,
          7.0958701759474474e+00, 1.0291405974626535e+01,
          1.2716066937800452e+01, 1.3615707328040207e+01,
          1.3298992102996721e+01, 1.1355967092828685e+01,
          7.3119851754919996e+00, 6.8321282317668288e+00,
          6.6774830766334290e+00, 9.8233590760623386e+00,
          1.0889183272275508e+01, 1.0489275032280583e+01,
          2.1201792862441572e+01, 2.0613474266977935e+01,
          2.0244565489428489e+01, 1.8237907689730157e+01,
          1.3538834053502448e+01, 8.0838719914520052e+00,
          3.1704442860256701e+00, -9.3580454704248262e-01,
          -4.4552131568048203e+00, -1.0231680042884985e+00,
          3.2048598592065982e+00, 8.1672598236771119e+00,
          1.3677892703777010e+01, 1.8412326360720961e+01,
          2.0576659420491527e+01, 2.1022746568071771e+01,
          2.1548221448549949e+01, 2.6568894822171979e-01,
          -1.4318406074807766e+00, -2.8853530906391791e+00,
          -4.2365112255306068e+00, -5.4769695745760743e+00,
          -5.3725871132807343e+00, -4.0735001337888486e+00,
          -2.6621885322522636e+00, -1.1673716276637345e+00,
          4.7960452172267953e-01, -4.9464917292631769e+00,
          -7.7494547956640485e+00, -1.0685014197047289e+01,
          -1.3490024525487488e+01, -6.5873542815984694e+00,
          -7.3346769013599502e+00, -8.0040220101064463e+00,
          -7.3502283713465966e+00, -6.6362633291677735e+00,
          -7.4768631332161561e-01, -9.7033726042186164e-01,
          -1.2411875132219379e+00, -1.1104057796726403e+00,
          -1.1045333042499577e+00, -1.0767558904961470e+00,
          -1.0357951799741736e+00, -1.1338495749171513e+00,
          -7.7406672719448044e-01, -4.7094409272075832e-01,
          -8.7281086900727822e-01, -9.5452738493479594e-01,
          -2.6136374524307784e+00, -4.7588471031556834e+00,
          -6.4090069941831693e+00, -8.2627932111395044e+00,
          -6.3606347526208840e+00, -4.6831934989782713e+00,
          -2.5466362303286436e+00, -4.0999190728744859e+00,
          -5.2436547921738086e+00, -6.5655701732493750e+00,
          -5.2460444167592399e+00, -4.0853143442733275e+00,
          -5.1396734751028399e+00, -7.7435937893983553e+00,
          -5.2037302591668801e+00, -4.5474187703826008e+00,
          -6.4536837495714288e+00, -4.4857504798630510e+00 ]
