%YAML:1.0
description: "angry"
samples:
   - !!opencv-matrix
      rows: 198
      cols: 1
      dt: d
      data: [ -1.9826609597674665e+01, -1.9177950967003312e+01,
          -1.8288398759196880e+01, -1.7081243851228251e+01,
          -1.5228639692359629e+01, -1.2218712935785502e+01,
          -8.2552120616898357e+00, -3.7178876734916928e+00,
          1.3763948281703979e+00, 6.5045206280304431e+00,
          1.0648216496807407e+01, 1.4031117336223698e+01,
          1.6481568252378541e+01, 1.7956398898672646e+01,
          1.8610665313884287e+01, 1.8704201084920889e+01,
          1.8407110011504084e+01, -1.6539954439014366e+01,
          -1.4208467875292643e+01, -1.1140868955386978e+01,
          -7.9017104477922366e+00, -4.7388671911237292e+00,
          2.7294210198042488e+00, 5.3124637792460296e+00,
          8.1126590615203114e+00, 1.0961913843226494e+01,
          1.3478803746851463e+01, -2.5092890705311377e-01,
          -1.2858466978904393e-01, -1.7684257178968099e-02,
          8.0800411191094587e-02, -3.0922970793107418e+00,
          -1.3477887747918131e+00, 4.7033863293368644e-01,
          2.1157993984192029e+00, 3.6584343595979258e+00,
          -1.2225111075568618e+01, -1.0324411988151013e+01,
          -8.0953418824677090e+00, -6.1435695585583217e+00,
          -8.1486841311963101e+00, -1.0248403084767345e+01,
          5.0144589493241156e+00, 6.7765062146043880e+00,
          8.9461100362223025e+00, 1.0876114617119804e+01,
          9.0233958326918255e+00, 6.9798630487968198e+00,
          -7.4791020995661848e+00, -5.4941105088894311e+00,
          -2.7928519151395643e+00, 4.0537959018703595e-01,
          3.5291199481509397e+00, 6.2778679115618035e+00,
          8.2927935599359017e+00, 6.8761361293651611e+00,
          4.4235471569560074e+00, 9.7558848529845466e-01,
          -2.6238942790960631e+00, -5.4713719024074363e+00,
          -3.3892841498523500e+00, 5.2361309424683322e-01,
          4.3852394315873955e+00, 4.8089250673910504e+00,
          8.9131144976748955e-01, -3.2440028782833203e+00,
          -6.0798825612750518e+00, -6.0503793982378051e-01,
          4.8485490868179726e+00, 1.0062579607340904e+01,
          1.4694508677656053e+01, 1.8446253850771601e+01,
          2.1276070404262896e+01, 2.3254505404384776e+01,
          2.3504752005555233e+01, 2.2310584909296129e+01,
          1.9251966079538811e+01, 1.5504850842482618e+01,
          1.1188331461374659e+01, 6.5153147725308278e+00,
          1.5973154671240535e+00, -3.4794917827275609e+00,
          -8.5511799243181592e+00, -1.3926317872729550e+01,
          -1.6183750549599598e+01, -1.7265032658961012e+01,
          -1.7308392618073729e+01, -1.6649995234129491e+01,
          -1.6859869904131187e+01, -1.7865045359905011e+01,
          -1.8299953991195007e+01, -1.8028728723075346e+01,
          -1.6659805943268278e+01, -1.1844544583175157e+01,
          -9.2082981207066368e+00, -6.5995625142782268e+00,
          -4.0004451474077243e+00, -2.1041684819890727e-01,
          1.5404267528005988e-01, 2.1373288758886910e-01,
          -1.5868789219066537e-02, -5.4661081637159259e-01,
          -9.9495752523366097e+00, -1.1003404250902367e+01,
          -1.1202781602670695e+01, -1.0395515827042040e+01,
          -9.8188111437623871e+00, -9.6090298942213206e+00,
          -1.1027767365499795e+01, -1.1971043926681833e+01,
          -1.2118842494455418e+01, -1.1264307870297033e+01,
          -1.0669422516061978e+01, -1.0659527560297644e+01,
          8.7309967865654663e+00, 6.4076585398540722e+00,
          4.6851433490135710e+00, 4.4372793627863842e+00,
          4.3385676408454312e+00, 5.7572330165800105e+00,
          7.9624064078217085e+00, 1.0917656783666008e+01,
          1.3157423115838629e+01, 1.3918832737649190e+01,
          1.3516959563055565e+01, 1.1539885501541253e+01,
          6.8718260945733558e+00, 6.2471526393954822e+00,
          6.4693686449199754e+00, 1.0210424379851361e+01,
          1.1221729467547586e+01, 1.0664507341695009e+01,
          2.1459193937195856e+01, 2.0989768287673684e+01,
          2.0485905219849119e+01, 1.8366914234354596e+01,
          1.3627893068328195e+01, 8.0667720825597762e+00,
          3.0896774849103257e+00, -9.8344260482565582e-01,
          -4.6788691936906606e+00, -8.2500281908241968e-01,
          3.2566502356408638e+00, 8.2483103903864805e+00,
          1.3771366440281202e+01, 1.8229463530630600e+01,
          2.0410304019887182e+01, 2.0755051584259377e+01,
          2.1125443684873542e+01, 6.7446315829799791e-02,
          -1.5368755910633978e+00, -2.9099611334600413e+00,
          -4.2662644545660022e+00, -5.5402321653886837e+00,
          -5.6896875715590420e+00, -4.2694512239740723e+00,
          -2.7931450173729515e+00, -1.2883990942714687e+00,
          2.3942602960250481e-01, -5.0155629311767269e+00,
          -7.6891496914494679e+00, -1.0515020045625223e+01,
          -1.3340595279199929e+01, -6.3692864072809199e+00,
          -7.1348574326826117e+00, -7.8858930430920058e+00,
          -7.0477071875986770e+00, -6.2061371316467655e+00,
          -8.6995909194733057e-01, -1.0266341473770799e+00,
          -1.2204494016091672e+00, -1.0061562225385505e+00,
          -1.0917295881983613e+00, -1.0635056082752168e+00,
          -1.0392100631373729e+00, -1.0899169284893173e+00,
          -8.7987384131427704e-01, -7.5242360897060967e-01,
          -9.9128017770812604e-01, -1.0659947016186400e+00,
          -2.7286836054623502e+00, -4.7749440362344711e+00,
          -6.4275974942568306e+00, -8.1750459718631969e+00,
          -6.2455487908691545e+00, -4.5596656188716462e+00,
          -2.5871444396134509e+00, -4.0633223351585350e+00,
          -5.3289266872299290e+00, -6.8094751824238839e+00,
          -5.4681338582211412e+00, -4.1693484543547772e+00,
          -5.1387355441539295e+00, -7.5534256225099092e+00,
          -4.8244779964985121e+00, -4.2813448457592109e+00,
          -6.4198937643034872e+00, -4.5510883568518770e+00 ]
